and  [1, 2, 3, 4, 5, 6, 7]
application  [1, 2, 3, 4, 5, 6, 7]
be  [1, 2, 3, 4, 5, 6, 7]
but  [1, 2, 3, 4, 5, 6, 7]
by  [1, 2, 3, 4, 5, 6, 7]
can  [1, 2, 3, 4, 5, 6, 7]
clean  [1, 2, 3, 4, 5, 6, 7]
common  [1, 2, 3, 4, 5, 6, 7]
easy  [1, 2, 3, 4, 5, 6, 7]
efficient  [1, 2, 3, 4, 5, 6, 7]
engineered  [1, 2, 3, 4, 5, 6, 7]
from  [1, 2, 3, 4, 5, 6, 7]
generalities  [1, 2, 3, 4, 5, 6, 7]
good  [1, 2, 3, 4, 5, 6, 7]
how  [1, 2, 3, 4, 5, 6, 7]
human  [1, 2, 3, 4, 5, 6, 7]
is  [1, 2, 3, 4, 5, 6, 7]
learned  [1, 2, 3, 4, 5, 6, 7]
made  [1, 2, 3, 4, 5, 6, 7]
maintain  [1, 2, 3, 4, 5, 6, 7]
modify  [1, 2, 3, 4, 5, 6, 7]
not  [1, 2, 3, 4, 5, 6, 7]
of  [1, 2, 3, 4, 5, 6, 7]
practices  [1, 2, 3, 4, 5, 6, 7]
programming  [1, 2, 3, 4, 5, 6, 7]
programs  [1, 2, 3, 4, 5, 6, 7]
read  [1, 2, 3, 4, 5, 6, 7]
reliable  [1, 2, 3, 4, 5, 6, 7]
seeing  [1, 2, 3, 4, 5, 6, 7]
sense  [1, 2, 3, 4, 5, 6, 7]
significant  [1, 2, 3, 4, 5, 6, 7]
the  [1, 2, 3, 4, 5, 6, 7]
to  [1, 2, 3, 4, 5, 6, 7]
use  [1, 2, 3, 4, 5, 6, 7]
